timestamp
1745870023
1745870089
