timestamp
1745863508
