timestamp
1744886567
